# r[kpc] vc[km/s] rho v TMdot[Msun/yr] = 9.973931e-01 rsonic[kpc] = 3.800000e-01 Z2Zsun = 3.33e-01 
1.000000e-02 7.049038e+01 1.994926e-22 2.632876e+02 7.762574e+03
1.066702e-02 7.049038e+01 1.761068e-22 2.621169e+02 7.763551e+03
1.178888e-02 7.049038e+01 1.451943e-22 2.602931e+02 7.771113e+03
1.302873e-02 7.049038e+01 1.197198e-22 2.584563e+02 7.783375e+03
1.439897e-02 7.049038e+01 9.872495e-23 2.566064e+02 7.796101e+03
1.591332e-02 7.049038e+01 8.142025e-23 2.547435e+02 7.802091e+03
1.758694e-02 7.049038e+01 6.715573e-23 2.528678e+02 7.789340e+03
1.943658e-02 7.049038e+01 5.539650e-23 2.509778e+02 7.777128e+03
2.148074e-02 7.050750e+01 4.570174e-23 2.490727e+02 7.773932e+03
2.373989e-02 7.054899e+01 3.770842e-23 2.471506e+02 7.776473e+03
2.623664e-02 7.059483e+01 3.111727e-23 2.452108e+02 7.780281e+03
2.899597e-02 7.064550e+01 2.568170e-23 2.432531e+02 7.777810e+03
3.204550e-02 7.070149e+01 2.119859e-23 2.412772e+02 7.756217e+03
3.541576e-02 7.076337e+01 1.750071e-23 2.392813e+02 7.734240e+03
3.914046e-02 7.083176e+01 1.445019e-23 2.372640e+02 7.718305e+03
4.325690e-02 7.093328e+01 1.193339e-23 2.352245e+02 7.701257e+03
4.780627e-02 7.107140e+01 9.856752e-24 2.331599e+02 7.673735e+03
5.283410e-02 7.122405e+01 8.143083e-24 2.310680e+02 7.635239e+03
5.839071e-02 7.139275e+01 6.728745e-24 2.289474e+02 7.580581e+03
6.453171e-02 7.161288e+01 5.561338e-24 2.267941e+02 7.534651e+03
7.131857e-02 7.189810e+01 4.597677e-24 2.246020e+02 7.503543e+03
7.881921e-02 7.221331e+01 3.802079e-24 2.223679e+02 7.481206e+03
8.710870e-02 7.261689e+01 3.145129e-24 2.200877e+02 7.461933e+03
9.627000e-02 7.310478e+01 2.602623e-24 2.177530e+02 7.440144e+03
1.063948e-01 7.368276e+01 2.154547e-24 2.153577e+02 7.410755e+03
1.175844e-01 7.439741e+01 1.784455e-24 2.128884e+02 7.397583e+03
1.299509e-01 7.525477e+01 1.478735e-24 2.103334e+02 7.412995e+03
1.436180e-01 7.626917e+01 1.226175e-24 2.076765e+02 7.456451e+03
1.587224e-01 7.752471e+01 1.017515e-24 2.048992e+02 7.528873e+03
1.754154e-01 7.901474e+01 8.451190e-25 2.019780e+02 7.632617e+03
1.884723e-01 8.024803e+01 7.401497e-25 1.997757e+02 7.730947e+03
2.025011e-01 8.165667e+01 6.486448e-25 1.974674e+02 7.892814e+03
2.236721e-01 8.389996e+01 5.409982e-25 1.940608e+02 8.339742e+03
2.303929e-01 8.462514e+01 5.127189e-25 1.929922e+02 8.545753e+03
2.359608e-01 8.522904e+01 4.910534e-25 1.921095e+02 8.754826e+03
2.416633e-01 8.584753e+01 4.703729e-25 1.912025e+02 9.073085e+03
2.462382e-01 8.634214e+01 4.547989e-25 1.904702e+02 9.438105e+03
2.494197e-01 8.668228e+01 4.444675e-25 1.899572e+02 9.767879e+03
2.528558e-01 8.704707e+01 4.337731e-25 1.893865e+02 1.037676e+04
2.541149e-01 8.718076e+01 4.299778e-25 1.891694e+02 1.071598e+04
2.554574e-01 8.732329e+01 4.260141e-25 1.889280e+02 1.121875e+04
2.564979e-01 8.743375e+01 4.230280e-25 1.887212e+02 1.188327e+04
2.570762e-01 8.749515e+01 4.214121e-25 1.885935e+02 1.242896e+04
2.575825e-01 8.754891e+01 4.200601e-25 1.884574e+02 1.323962e+04
2.578012e-01 8.757212e+01 4.195042e-25 1.883871e+02 1.374781e+04
2.580201e-01 8.759536e+01 4.189853e-25 1.883005e+02 1.447730e+04
2.582621e-01 8.762106e+01 4.184860e-25 1.881720e+02 1.573123e+04
2.585091e-01 8.764728e+01 4.180751e-25 1.879971e+02 1.760603e+04
2.587513e-01 8.767300e+01 4.177063e-25 1.878111e+02 1.964145e+04
2.589937e-01 8.769873e+01 4.173071e-25 1.876390e+02 2.148708e+04
2.594341e-01 8.774549e+01 4.164965e-25 1.873664e+02 2.429730e+04
2.598753e-01 8.779233e+01 4.156200e-25 1.871246e+02 2.669226e+04
2.607392e-01 8.788405e+01 4.138265e-25 1.866923e+02 3.083150e+04
2.620335e-01 8.802146e+01 4.110839e-25 1.860857e+02 3.649123e+04
2.632183e-01 8.814725e+01 4.085985e-25 1.855361e+02 4.160899e+04
2.644908e-01 8.828183e+01 4.060488e-25 1.849090e+02 4.760521e+04
2.657694e-01 8.841693e+01 4.037645e-25 1.841702e+02 5.507165e+04
2.672951e-01 8.857814e+01 4.019458e-25 1.828975e+02 6.907030e+04
2.683306e-01 8.868452e+01 4.016605e-25 1.816175e+02 8.387885e+04
2.692343e-01 8.877634e+01 4.017435e-25 1.803632e+02 9.844509e+04
2.701409e-01 8.886847e+01 4.017832e-25 1.791368e+02 1.125370e+05
2.721309e-01 8.907068e+01 4.014446e-25 1.766754e+02 1.402664e+05
2.741355e-01 8.927437e+01 4.010432e-25 1.742752e+02 1.668034e+05
2.772058e-01 8.958636e+01 4.008422e-25 1.705216e+02 2.074748e+05
2.801354e-01 8.988405e+01 4.011709e-25 1.668368e+02 2.463309e+05
2.830960e-01 9.018489e+01 4.009036e-25 1.634744e+02 2.807025e+05
2.869078e-01 9.056785e+01 3.983559e-25 1.601775e+02 3.134739e+05
2.945815e-01 9.130965e+01 3.893328e-25 1.554624e+02 3.594890e+05
3.024605e-01 9.206201e+01 3.786132e-25 1.516437e+02 3.965727e+05
3.171851e-01 9.340280e+01 3.592926e-25 1.453060e+02 4.576625e+05
3.440451e-01 9.566957e+01 3.295435e-25 1.346523e+02 5.571660e+05
3.669167e-01 9.743652e+01 3.070224e-25 1.270727e+02 6.277102e+05
3.746969e-01 9.800914e+01 2.997895e-25 1.247903e+02 6.492624e+05
3.779376e-01 9.824266e+01 2.969042e-25 1.238514e+02 6.580422e+05
3.787427e-01 9.830068e+01 2.962347e-25 1.236041e+02 6.602604e+05
3.796200e-01 9.836390e+01 2.954655e-25 1.233538e+02 6.626039e+05
3.803800e-01 9.841867e+01 2.945209e-25 1.232554e+02 6.642023e+05
3.812547e-01 9.848170e+01 2.937631e-25 1.230070e+02 6.665192e+05
3.820621e-01 9.853988e+01 2.931037e-25 1.227632e+02 6.687053e+05
3.854960e-01 9.878733e+01 2.901655e-25 1.218069e+02 6.776580e+05
3.950016e-01 9.945784e+01 2.819384e-25 1.194003e+02 7.012000e+05
4.133140e-01 1.007142e+02 2.662386e-25 1.154852e+02 7.430104e+05
4.567826e-01 1.035480e+02 2.339323e-25 1.076089e+02 8.330602e+05
5.048228e-01 1.064831e+02 2.051642e-25 1.004565e+02 9.221264e+05
5.579155e-01 1.095123e+02 1.803184e-25 9.357945e+01 1.010565e+06
6.165920e-01 1.126569e+02 1.589798e-25 8.689995e+01 1.097419e+06
6.814395e-01 1.159401e+02 1.405017e-25 8.050469e+01 1.182199e+06
7.531072e-01 1.193807e+02 1.243676e-25 7.446230e+01 1.264842e+06
8.323121e-01 1.230056e+02 1.102217e-25 6.878883e+01 1.345194e+06
9.198472e-01 1.268350e+02 9.775545e-26 6.350166e+01 1.423334e+06
1.016588e+00 1.308747e+02 8.675111e-26 5.858576e+01 1.498955e+06
1.123504e+00 1.351719e+02 7.700093e-26 5.403961e+01 1.572017e+06
1.241664e+00 1.396774e+02 6.837287e-26 4.982709e+01 1.641598e+06
1.372251e+00 1.444250e+02 6.070488e-26 4.594802e+01 1.707639e+06
1.516572e+00 1.495046e+02 5.386220e-26 4.239820e+01 1.769906e+06
1.676071e+00 1.543970e+02 4.775183e-26 3.915458e+01 1.828215e+06
1.852345e+00 1.598177e+02 4.228542e-26 3.620121e+01 1.882514e+06
2.047157e+00 1.654131e+02 3.737787e-26 3.353052e+01 1.932270e+06
2.262459e+00 1.712068e+02 3.296384e-26 3.112850e+01 1.977686e+06
2.500404e+00 1.772012e+02 2.898808e-26 2.898128e+01 2.018559e+06
2.763374e+00 1.831029e+02 2.541569e-26 2.706301e+01 2.054445e+06
3.054000e+00 1.893553e+02 2.220890e-26 2.535667e+01 2.084639e+06
3.375192e+00 1.952195e+02 1.933780e-26 2.384259e+01 2.108697e+06
3.730164e+00 2.010173e+02 1.677684e-26 2.250045e+01 2.126426e+06
4.122469e+00 2.064964e+02 1.449878e-26 2.131626e+01 2.137456e+06
4.556033e+00 2.117487e+02 1.248069e-26 2.027427e+01 2.141706e+06
5.035195e+00 2.165189e+02 1.069968e-26 1.936216e+01 2.139051e+06
5.564751e+00 2.207876e+02 9.135781e-27 1.856608e+01 2.129658e+06
6.150001e+00 2.244613e+02 7.769531e-27 1.787361e+01 2.113774e+06
6.796802e+00 2.273851e+02 6.582485e-27 1.727262e+01 2.091795e+06
7.511628e+00 2.296234e+02 5.557447e-27 1.674996e+01 2.064346e+06
8.301633e+00 2.311539e+02 4.676962e-27 1.629545e+01 2.031954e+06
9.174723e+00 2.317167e+02 3.925378e-27 1.589608e+01 1.995498e+06
1.013964e+01 2.316878e+02 3.287289e-27 1.554084e+01 1.955788e+06
1.120603e+01 2.307322e+02 2.748253e-27 1.521938e+01 1.913767e+06
1.238458e+01 2.292386e+02 2.294381e-27 1.492551e+01 1.870687e+06
1.368708e+01 2.271842e+02 1.913944e-27 1.464895e+01 1.827347e+06
1.512656e+01 2.246822e+02 1.596123e-27 1.438171e+01 1.784230e+06
1.671744e+01 2.219074e+02 1.331242e-27 1.411760e+01 1.741750e+06
1.847562e+01 2.189857e+02 1.110782e-27 1.385256e+01 1.700147e+06
2.041872e+01 2.160218e+02 9.274091e-28 1.358404e+01 1.659430e+06
2.256618e+01 2.131510e+02 7.747879e-28 1.331246e+01 1.619610e+06
2.493948e+01 2.103720e+02 6.476416e-28 1.303910e+01 1.580621e+06
2.756239e+01 2.077444e+02 5.416113e-28 1.276544e+01 1.542229e+06
3.046115e+01 2.052547e+02 4.531151e-28 1.249269e+01 1.504144e+06
3.366478e+01 2.028679e+02 3.792151e-28 1.222137e+01 1.465983e+06
3.720534e+01 2.000272e+02 3.176286e-28 1.194613e+01 1.428481e+06
4.111826e+01 1.979025e+02 2.659958e-28 1.167920e+01 1.390890e+06
4.544270e+01 1.957181e+02 2.226913e-28 1.142157e+01 1.353207e+06
5.022195e+01 1.934553e+02 1.864300e-28 1.117003e+01 1.315166e+06
5.550384e+01 1.911012e+02 1.560760e-28 1.092383e+01 1.276790e+06
6.134123e+01 1.886431e+02 1.306584e-28 1.068353e+01 1.238312e+06
6.779255e+01 1.860746e+02 1.093772e-28 1.044880e+01 1.199919e+06
7.492235e+01 1.833895e+02 9.157359e-29 1.021796e+01 1.161665e+06
8.280200e+01 1.805879e+02 7.668012e-29 9.990631e+00 1.123771e+06
9.151036e+01 1.776694e+02 6.422348e-29 9.766140e+00 1.086455e+06
1.011346e+02 1.746389e+02 5.381918e-29 9.541591e+00 1.049688e+06
1.117710e+02 1.715007e+02 4.513387e-29 9.315292e+00 1.013541e+06
1.235261e+02 1.682629e+02 3.788123e-29 9.086906e+00 9.782374e+05
1.365174e+02 1.649333e+02 3.182710e-29 8.854909e+00 9.438711e+05
1.508751e+02 1.615218e+02 2.677944e-29 8.616299e+00 9.103302e+05
1.667428e+02 1.580383e+02 2.256603e-29 8.371595e+00 8.778472e+05
1.842792e+02 1.544935e+02 1.906906e-29 8.111013e+00 8.455193e+05
2.036601e+02 1.508983e+02 1.618024e-29 7.826377e+00 8.122970e+05
2.250792e+02 1.505756e+02 1.374365e-29 7.543706e+00 7.772649e+05
2.487510e+02 1.505756e+02 1.163638e-29 7.294742e+00 7.387104e+05
2.701059e+02 1.505756e+02 1.011149e-29 7.119907e+00 7.043682e+05
